22
7
9
16
15
23
12
13
10
23
27
19
17
27
5
23
21
10
19
17
12
18
16
11
13
13
22
14
14
20
23
21
19
20
20
18
20
18
14
27
10
16
17
23
15
19
17
20
23
15
17
17
13
20
16
19
6
12
12
17
17
14
25
12
20
17
15
19
13
15
11
4
25
15
13
12
13
22
17
13
13
2
8
12
14
23
20
8
11
7
16
14
23
8
14
13
3
11
19
10
15
16
7
12
8
10
13
15
15
22
19
15
27
24
20
12
4
15
25
19
14
18
22
11
2
15
16
18
13
18
24
22
13
24
17
28
21
21
12
5
14
14
27
10
13
17
17
19
5
8
22
17
6
12
15
10
11
18
16
22
18
16
26
18
7
13
22
21
13
12
27
20
13
6
7
28
7
24
14
13
13
11
26
23
26
11
20
8
22
8
20
11
19
17
8
18
15
25
7
12
10
14
20
5
23
11
11
18
5
15
26
11
8
13
19
11
15
16
4
17
14
20
21
18
4
10
15
19
9
8
25
29
17
21
16
17
17
15
14
12
18
11
16
19
22
14
9
15
24
8
14
11
21
12
10
19
15
17
19
12
17
29
7
25
22
21
10
15
15
12
28
20
18
17
9
18
10
26
23
10
8
14
18
15
17
13
16
1
13
17
16
10
13
14
21
12
17
18
14
9
18
19
21
28
11
19
19
16
8
12
16
1
26
14
4
8
13
14
10
20
8
5
11
11
11
13
24
21
15
12
14
15
5
11
16
24
14
8
21
22
15
15
12
21
25
16
7
10
19
18
11
10
6
13
12
30
23
15
22
12
16
12
15
16
18
15
17
18
19
13
23
6
18
6
17
9
17
19
16
22
16
4
26
13
19
19
19
15
6
14
21
10
11
15
15
15
23
20
26
20
13
22
9
25
20
24
25
8
19
15
11
4
11
7
20
10
14
11
9
14
16
21
7
11
12
18
17
12
17
17
22
15
13
23
18
9
17
19
24
9
26
14
19
19
10
18
7
11
25
16
18
11
24
15
17
7
15
20
12
19
6
17
13
18
14
10
15
14
21
11
8
7
8
8
23
11
14
19
11
11
17
16
13
17
12
20
11
4
17
16
15
27
13
19
13
20
14
9
19
13
20
12
11
22
5
16
19
19
11
15
24
18
20
28
15
14
16
11
14
2
22
24
14
10
23
19
12
3
22
21
15
25
11
13
12
11
11
11
8
27
16
15
10
19
13
16
18
16
14
9
14
18
9
8
23
13
5
13
23
9
14
13
15
13
16
4
12
9
15
21
19
19
5
21
18
14
15
17
21
3
17
19
24
9
25
7
9
12
17
24
13
15
11
20
14
10
22
20
16
22
14
24
7
16
12
10
6
14
23
14
15
28
16
23
16
16
18
27
11
14
11
19
8
12
16
13
17
13
17
11
13
19
13
13
11
17
13
15
14
18
11
17
14
7
14
22
9
9
21
22
17
25
16
8
15
12
15
14
24
15
15
17
23
18
17
10
8
22
7
21
13
19
17
23
17
10
5
13
1
16
9
18
17
16
17
18
22
13
10
17
23
15
22
9
5
23
19
10
18
9
26
21
24
19
16
21
22
16
1
9
15
23
24
9
24
13
15
16
16
10
14
7
23
13
21
10
28
14
16
12
9
19
10
9
19
24
17
14
16
20
24
12
10
4
24
15
23
12
17
15
8
12
9
19
4
11
23
17
15
9
19
21
12
18
10
14
10
19
19
8
9
12
14
2
18
18
19
15
17
14
13
14
20
15
14
20
14
24
16
14
11
16
17
15
3
14
20
13
12
9
13
21
6
13
13
19
13
15
14
24
4
9
14
11
11
24
14
13
18
14
11
17
19
15
11
18
14
8
10
15
12
11
18
5
10
6
7
13
18
16
2
20
17
22
11
14
21
14
17
13
14
16
15
15
16
9
13
10
16
20
20
18
12
20
15
13
26
21
18
13
12
17
8
18
14
16
10
10
11
15
14
20
14
13
9
10
26
17
11
20
10
23
15
22
15
21
14
14
7
12
13
19
22
8
15
18
15
9
23
15
17
14
16
15
8
5
20
12
18
22
11
9
16
7
10
15
23
21
6
16
11
14
20
13
17
17
23
11
10
11
15
12
20
20
11
16
11
13
19
18
16
24
11
26
9
22
11
21
11
12
16
8
14
10
13
26
25
18
23
14
17
12
28
7
16
13
1
24
10
16
15
7
22
10
12
14
16
13
13
12
25
27
17
13
26
10
13
5
19
12
